Correlation Matrix
                   Month  DayofMonth  DayOfWeek   DepTime  CRSArrTime  DepDelay  CRSPlanSpeed  Distance  CRSElapsedTime   TaxiOut  ArrDelay
Month           1.000000   -0.003067  -0.000773 -0.006113   -0.005710 -0.033486      0.013900  0.002591       -0.003598 -0.024372 -0.033583
DayofMonth     -0.003067    1.000000  -0.035038 -0.002739   -0.000997 -0.024648      0.000114 -0.002150       -0.002922 -0.004144 -0.023996
DayOfWeek      -0.000773   -0.035038   1.000000  0.008200    0.007799  0.006876      0.016091  0.017239        0.015879 -0.010440 -0.000435
DepTime        -0.006113   -0.002739   0.008200  1.000000    0.783183  0.205236     -0.021241 -0.016133       -0.016947  0.014636  0.175952
CRSArrTime     -0.005710   -0.000997   0.007799  0.783183    1.000000  0.129201      0.055779  0.041229        0.048379  0.024088  0.104889
DepDelay       -0.033486   -0.024648   0.006876  0.205236    0.129201  1.000000      0.009211  0.015598        0.022867  0.094464  0.933671
CRSPlanSpeed    0.013900    0.000114   0.016091 -0.021241    0.055779  0.009211      1.000000  0.775484        0.709051 -0.021983 -0.006778
Distance        0.002591   -0.002150   0.017239 -0.016133    0.041229  0.015598      0.775484  1.000000        0.980050  0.084624 -0.007721
CRSElapsedTime -0.003598   -0.002922   0.015879 -0.016947    0.048379  0.022867      0.709051  0.980050        1.000000  0.134854 -0.001924
TaxiOut        -0.024372   -0.004144  -0.010440  0.014636    0.024088  0.094464     -0.021983  0.084624        0.134854  1.000000  0.308698
ArrDelay       -0.033583   -0.023996  -0.000435  0.175952    0.104889  0.933671     -0.006778 -0.007721       -0.001924  0.308698  1.000000
 Final Schema : 
root
 |-- Month: integer (nullable = true)
 |-- DepTime: integer (nullable = true)
 |-- CRSArrTime: integer (nullable = true)
 |-- CRSElapsedTime: integer (nullable = true)
 |-- ArrDelay: integer (nullable = true)
 |-- DepDelay: integer (nullable = true)
 |-- TaxiOut: integer (nullable = true)
 |-- OriginOHE: vector (nullable = true)
 |-- DestOHE: vector (nullable = true)
 |-- UniqueCarrierOHE: vector (nullable = true)

---> Decision Tree Regression without OHE variables 

Minimum RMSE : 15.629221980257727
MaxDepth value : 10

---> Decision Tree Regression with OHE variables 

